4
0 0 0 0 2 5 0 11 0 0 0 7 15 0 0 0
0 0 16 8 0 6 0 0 5 2 10 11 0 0 0 0
6 9 0 0 0 1 0 7 0 0 0 4 0 0 0 10
0 0 0 10 0 13 0 0 0 0 14 0 16 0 1 8
0 0 0 1 0 0 0 0 0 0 5 0 0 12 4 0
0 12 8 0 0 11 5 2 0 10 0 16 3 0 0 0
0 2 0 5 8 0 0 0 0 0 6 0 0 16 7 1
9 0 3 0 0 7 0 16 0 0 0 0 14 0 0 0
8 1 7 12 9 0 0 0 0 0 16 0 0 13 0 0
0 6 0 0 0 0 0 0 3 0 0 0 11 0 10 0
10 0 0 16 0 0 15 0 0 9 0 0 0 1 0 0
0 13 4 15 0 0 0 0 8 0 12 1 0 6 14 0
2 0 0 0 0 0 4 0 15 0 0 3 5 0 0 0
15 3 13 0 0 0 7 0 12 0 4 8 0 0 0 0
0 0 5 0 0 0 9 3 0 6 0 14 0 0 12 0
0 0 0 0 6 0 11 14 0 0 0 0 0 0 15 9
