4
13 0 0 0 0 0 0 11 0 0 0 7 15 0 6 14
1 7 16 8 15 6 0 0 0 2 10 0 0 4 0 3
6 9 0 0 16 1 8 0 0 12 0 0 0 0 5 0
0 0 0 0 12 0 3 0 0 0 0 0 16 7 1 0
0 16 0 0 0 9 0 15 11 0 5 2 8 0 0 0
0 0 0 0 14 11 5 2 0 0 0 16 0 0 9 6
0 2 14 5 0 4 0 0 0 0 0 0 10 0 0 1
0 0 3 6 10 0 0 0 0 0 0 0 0 0 11 0
0 1 7 12 0 0 0 0 0 0 16 0 4 0 3 0
14 0 0 0 0 0 0 0 0 0 15 13 0 5 0 0
0 5 0 0 0 0 15 13 14 0 0 0 7 0 0 0
3 0 0 15 11 10 0 0 0 0 0 1 0 0 0 2
0 0 0 0 1 12 0 0 0 0 9 0 0 10 0 0
0 0 0 0 5 16 7 10 12 0 4 0 0 14 0 0
0 0 0 7 0 0 0 0 0 0 0 0 1 0 0 0
0 8 1 0 0 2 11 0 0 0 0 0 13 0 15 9
