4
13 4 0 3 0 5 0 11 0 0 8 0 15 0 6 14
0 0 0 0 0 0 14 9 0 2 0 0 0 4 13 3
6 0 15 0 0 0 0 0 0 12 3 0 2 11 0 10
0 0 2 0 0 0 3 0 6 15 14 0 0 7 1 0
0 16 0 1 0 0 0 0 0 0 0 0 8 0 0 0
0 12 0 0 14 11 5 0 7 0 0 0 0 15 0 0
0 0 14 0 0 0 13 12 0 3 6 0 0 0 7 1
9 0 3 6 0 0 0 0 0 0 13 0 0 2 11 0
0 0 7 12 0 0 0 0 10 0 0 0 4 13 0 0
0 0 0 0 7 8 0 1 3 4 0 0 0 0 0 16
10 5 11 16 0 3 15 0 0 0 0 0 0 0 8 0
0 0 0 15 11 0 0 5 0 7 12 0 0 6 0 2
2 0 0 11 1 0 0 0 0 13 9 3 0 0 16 7
15 0 0 0 0 16 0 10 0 0 4 8 0 0 2 11
0 10 5 0 13 0 9 0 2 6 11 0 0 8 0 0
12 0 0 0 0 2 11 14 0 0 0 10 13 0 0 0
