4
13 4 12 3 0 5 0 0 1 0 0 0 0 9 0 14
1 0 16 0 15 0 14 9 0 0 0 0 12 0 0 0
0 0 15 14 0 0 0 0 13 12 0 4 0 11 0 10
0 0 2 0 12 0 3 0 6 15 0 0 16 0 0 0
0 16 0 0 3 0 0 0 0 0 0 0 0 12 4 13
0 0 0 0 14 0 0 0 7 0 0 0 0 0 9 0
11 2 0 5 0 4 13 0 0 0 0 15 10 0 0 1
0 15 0 6 0 7 0 0 0 8 0 0 14 0 11 5
0 1 0 0 0 14 0 6 10 0 16 5 4 0 0 15
0 0 9 2 0 0 0 1 3 4 0 0 11 5 0 0
10 5 0 0 0 0 0 0 0 0 0 6 7 0 8 0
0 0 0 0 11 0 16 0 0 7 12 0 0 0 14 0
2 0 0 0 0 0 4 8 0 13 9 0 5 0 0 7
0 0 13 0 0 16 0 10 0 0 0 0 0 14 0 0
0 0 0 7 0 0 9 3 2 6 0 0 0 8 12 4
0 8 0 0 6 0 0 0 16 0 7 10 0 0 0 0
