5
0 0 0 24 0 0 19 0 25 12 18 0 0 16 3 0 0 14 0 1 0 0 0 0 17
0 1 0 0 0 0 0 21 23 0 0 0 0 25 0 0 17 6 0 0 3 0 8 7 16
0 18 8 7 0 20 22 0 0 15 0 14 0 0 0 0 0 11 5 19 0 0 21 24 23
0 19 11 0 0 0 0 8 0 7 0 0 15 0 20 0 0 21 0 0 10 1 0 13 0
0 0 6 15 0 0 0 14 4 13 0 21 0 23 9 7 0 0 3 18 5 0 11 0 0
0 8 0 0 0 0 0 3 18 17 0 0 0 22 13 0 0 9 0 11 24 21 0 23 1
0 6 3 0 0 0 14 20 0 0 0 10 0 1 24 16 0 5 0 8 12 0 0 0 0
2 0 9 25 0 7 0 0 19 0 6 0 0 18 15 0 1 10 0 21 0 0 0 4 0
0 0 0 0 0 0 0 10 0 23 11 0 0 2 12 17 18 3 15 0 0 0 0 16 0
0 21 0 0 0 12 0 9 2 25 0 0 0 19 7 4 22 0 0 14 0 0 3 0 0
0 24 23 21 0 0 12 25 0 11 0 16 0 5 0 0 0 0 0 0 22 0 0 6 0
5 0 0 8 0 22 15 17 3 6 0 4 14 0 0 0 0 0 19 0 0 0 23 0 10
0 0 0 6 0 1 0 0 20 14 24 23 0 10 2 0 0 16 18 7 0 12 25 0 9
20 0 0 14 0 0 24 0 0 21 0 0 0 9 19 0 0 17 0 15 0 7 0 0 0
0 12 0 11 19 0 0 0 5 0 0 17 6 0 22 0 0 0 2 0 1 0 4 14 0
14 10 13 0 23 0 0 0 0 0 0 0 0 11 16 0 6 15 0 20 17 3 0 0 0
0 0 7 18 0 0 0 0 0 0 10 0 1 0 0 19 11 0 0 5 0 9 0 0 21
0 20 15 0 0 23 10 13 14 1 0 0 0 21 0 0 0 0 0 0 16 5 12 19 0
0 9 24 2 0 16 0 12 0 0 3 7 18 0 0 0 0 0 23 0 4 0 0 22 0
11 5 0 0 0 0 3 7 0 18 0 0 0 0 4 0 0 0 25 0 0 0 0 0 0
0 0 0 0 0 14 4 0 0 0 23 0 10 0 0 5 0 0 8 0 0 25 2 0 24
0 0 1 10 21 0 25 2 24 9 0 0 5 0 0 0 15 0 14 0 6 17 18 0 7
0 0 2 9 11 0 16 19 12 0 17 0 0 7 0 10 0 1 0 0 0 4 0 20 15
15 0 22 20 0 0 0 0 13 0 0 2 0 0 11 0 0 18 0 0 0 0 0 5 0
12 16 19 0 0 0 0 18 0 0 4 0 20 0 14 0 0 0 0 0 0 23 1 0 0
